motor_info:
        min_pwm: 0.5 # 1000 ~ dshot 0
        max_pwm: 0.9 # 1800 ~ dshot 1600
        min_thrust: 0.0 # [N]
        force_landing_thrust: 6.0 # [N]
        m_f_rate: -0.0153
        pwm_conversion_mode: 0 # SQRT Mode
        vel_ref_num: 5
        ref1:
                voltage: 24.44 # [V]
                max_thrust: 20.7542  # 26.5655 / 1.28 # [N]
                polynominal2: 0.089921875  # 0.11510 / 1.28 # x10
                polynominal1: -7.11359375  # -9.10540 / 1.28  # x10
                polynominal0: 12.627257813  # 16.16289 / 1.28 # x1
        ref2:
                voltage: 23.50 # [V]
                max_thrust: 19.9518 # 25.5383 / 1.28 # [N]
                polynominal2: 0.089671875 # 0.11478 / 1.28 # x10
                polynominal1: -7.392070312 # -9.46185 / 1.28  # x10
                polynominal0: 14.158679687 # 18.12311 / 1.28 # x1
        ref3:
                voltage: 22.55 # [V]
                max_thrust: 18.5154 # 23.6997 / 1.28 # [N]
                polynominal2: 0.08509375 # 0.10892 / 1.28 # x10
                polynominal1: -7.080703125 # -9.06330 / 1.28  # x10
                polynominal0: 13.788132813 # 17.64881 / 1.28 # x1
        ref4:
                voltage: 21.60 # [V]
                max_thrust: 17.4841 # 22.3797 / 1.28 # [N]
                polynominal2: 0.084273437 # 0.10787 / 1.28 # x10
                polynominal1: -7.289085937 # -9.33003 / 1.28  # x10
                polynominal0: 15.126289062 # 19.36165 / 1.28 # x1
        ref5:
                voltage: 20.66 # [V]
                max_thrust: 15.9044 # 20.3576 / 1.28 # [N]
                polynominal2: 0.075523438 # 0.09667 / 1.28 # x10
                polynominal1: -6.4154375 # -8.21176 / 1.28  # x10
                polynominal0: 12.898046875 # 16.50950 / 1.28 # x1
